150008823
30006134
100009932
30008888
150009709
30008682
30001904
150009906
150009172
30005205
50006336
30008702
100004341
30008555
50002647
100005463
30005073
150005182
100004084
100008309
100009240
150005182
100006976
30002403
100009370
100001258
150001048
50003663
50001413
30008352
100006772
150006150
100002908
50008107
50008062
30001156
30009870
50004512
50003762
50009375
100001920
100005789
100008559
100008930
150008764
150007347
50007494
50001447
100006338
150005504
100005138
50005752
150009081
50009071
50001898
30004138
30001290
30005128
150007702
30005976
50006412
50004641
50001453
50001434
50005462
30004484
30004565
100005255
50001023
50004364
50002950
100006220
100003312
50004914
100004854
100003941
50009147
30008555
30001422
150002667
100009427
150006632
100008134
30004404
30009301
50009807
30009255
150004230
30001817
100005726
50009376
30006897
100003494
50003333
50001363
150008904
50007542
100007065
100003240
150009435
100003408
150004385
100002527
30009484
50001198
50007026
30004174
100005203
30005909
50001059
30002436
100003235
150001002
100005772
100005917
100004878
50006894
50006606
50006986
150004691
150003435
50006142
30003588
50002355
50002499
100008652
30006604
30002655
150001009
100008687
30002338
50001098
50004153
100009744
50005479
150006799
150006083
30008226
150007666
150005089
100006021
30004611
50007005
150006789
30003704
30002055
50001465
30005202
30008758
100008961
30006958
100003188
100009876
100003462
50009875
100006426
150005594
100004652
100007505
50004506
150008143
100007053
150008127
50005009
50008094
30004812
50002458
50005786
150008749
50005258
150005981
30003031
30008341
150009707
100008548
150001608
30009089
30004722
150006891
50009380
50002203
100005906
150007760
100007172
150001371
30009884
100001170
100004217
150007218
100006473
30005809
100001739
50009736
150002155
100001146
150008242
100004414
150006649
100008279
100007634
30006310
150005567
30006759
50006059
30008747
30008621
50001839
30008187
150006677
150004928
30005760
50001197
100004897
50009135
50001051
50008780
30001692
50008753
50002108
50004118
100009619
30008672
50004406
50003542
30005441
100004860
30003151
30001566
50007068
30007662
50007319
50002309
30008254
150002795
150005860
50007499
150007388
100002190
30003900
50003911
50005429
100003061
50009738
150006234
