50001194
150009942
100007594
50001414
150008788
100009747
50008836
50006429
30003437
30006586
100001622
50007356
50007014
30008108
100009554
100009976
30005186
50008361
30007291
50001026
150004157
50005692
30007348
100001870
150005724
100004828
50003531
50007562
150005399
50008220
100006596
100001817
30004196
150005609
30002349
100007007
100002006
150004225
150004060
100004973
50001556
50009140
50006561
100003709
150007305
100005117
50007694
150004264
30007987
150007990
50003671
100001939
50003331
50004025
50004941
150009177
100001179
30002016
30005411
150002273
30004352
100009511
100003770
50001960
150004312
100007021
100007014
30006503
30007014
30002738
100004225
100008699
100009404
30005378
50002254
30001530
150008735
30004086
100007179
30009091
30008887
50007001
150004140
100007421
30001179
100001948
50005276
30001540
50001533
50004477
150004340
150005055
150002368
50003329
30008289
150004822
100009367
30002980
100007129
30008881
100002756
100005259
50001107
150001491
50005102
30006218
50007027
50002367
100003676
30007418
100001558
50007668
50004806
50004352
100001754
30008459
30007100
100008845
150006315
30003775
150006713
150004143
30004253
30008758
30003079
30002095
50003657
100001182
150003275
30005380
30003265
100001923
50008878
100007394
150009378
30007464
30006968
150003863
100001620
150008096
50004592
150007808
150005406
30008053
100002059
100006089
50004807
100006741
100002434
30008311
150001817
150003654
100005598
100002966
100007166
30002620
100001519
30001656
50007466
100006776
100005887
100002643
100002276
30001786
30006178
30004787
30003856
50002555
150009866
100006887
30005689
100008803
50002742
100008519
100003788
100002156
150001834
100004316
50007447
50008560
150009972
50002349
30003678
50001390
150001106
100004983
100009731
150002963
100002142
150006921
100008466
30006937
30002485
30008293
150004880
30009544
100002970
100007937
50007307
50005528
100003647
150001820
150008365
30008149
150002138
100004181
150009876
150007925
30001225
100007083
50005808
30008336
150009937
150007632
50005926
100009967
100001825
150007097
50004225
50004520
50004877
150005025
30008074
100006966
100003756
30007088
50007344
100004743
30004163
100007649
