150008119
50003140
100009721
100004200
50006057
50003453
50007281
30002696
30007058
100005755
150004875
100009295
30002983
30003811
50001993
150007902
100003457
150001312
100009625
150005166
50002132
150009788
30002596
100001921
30007160
30007258
50001288
30008127
150005024
50006243
30009994
50002212
30003492
30006347
150001142
150003771
150005846
30001931
150002678
150007267
30004601
50003171
30005946
100007252
30003338
150005700
50003487
100007363
100008781
30007875
50006508
30001337
50009140
30009487
150008622
50006324
50008995
100007732
100007659
50005679
150001720
100003066
100008512
100002782
30009408
150001026
50005910
50007302
50002357
50004268
150002935
150006379
100009921
30003481
50005586
30002257
50003580
100006934
30008634
150008827
30004643
50006364
100006920
50002129
150005118
50009777
150009486
150001912
30005372
50004802
100001000
150009909
30001221
150001286
30006357
30006468
150004347
30004561
30008526
100009352
100008469
30001912
30008067
150007515
150005716
150002109
30007300
100005946
30004892
100003850
50002912
30006333
150009086
30007909
30005612
150001748
150006912
150001836
30007716
150001916
150005787
150008319
150005671
100005281
150004392
100001999
30009180
30003620
50002102
30001838
30007062
150007070
50009730
50008167
150001501
150003683
50002294
100007090
30008963
100007646
50004096
30008403
50005284
150001937
50006980
30002355
150008234
50001057
50008301
30005620
30002127
50007743
150004112
50005604
50004604
150005422
30007015
100006259
50004404
50006693
50004215
30003661
30001902
50002136
150009010
30001090
50001866
100002819
150001578
50008962
50001957
100004629
30004620
30002375
150005617
150005247
50005527
30006622
150003259
30008407
100003981
30005565
50008880
100005255
100003965
30008875
100007149
150003335
50008006
50004996
30003491
100001073
30001904
50002052
100002160
50006540
50001120
50002125
50005956
100004277
50008547
100009272
150004325
30007840
50002052
100008196
100001284
30001936
150006104
150006216
100005864
50009511
150003410
50003840
30006494
30006047
30007170
150005284
100008223
50003593
30002443
150008172
150009168
50001185
30003901
100009253
30004035
100005187
100002784
100006196
50007884
50008706
100008791
100007793
30008454
50009702
50003137
50003907
100006427
100006519
50003819
