100007304
150004323
50001779
100008721
50004716
150002040
150005560
100006190
100008088
150007292
150005783
30005336
50005323
50005594
50002107
150009551
100009527
50005288
150004904
100004298
100008529
30007971
100001006
100002967
30002172
100002278
150003325
30006363
150004235
30004330
100006659
50001324
100008472
30006218
100006073
30005522
50006576
150006898
100006025
30001360
50003544
50009931
150002556
50004793
50001394
30009085
50002784
150003185
100008704
30005712
50008868
30009329
50002567
30005552
30003150
30006374
30003937
30006641
100007657
30007233
100003515
150006555
100007437
30005655
100005539
50003850
30008492
30002724
30006426
100008435
30009723
50008628
50007874
150009678
100007316
100004911
150004174
30005551
150009676
150004438
50008878
100004075
50003669
30006924
30006227
50006077
100008175
30005536
100001135
50002096
50009097
50004227
150006888
100005487
30005415
30006367
50001834
150008150
50001411
30001906
150007615
150008235
100001796
100002809
100006282
100003617
150003603
50009704
50002814
30001258
100003303
100004330
30004067
50003535
30003302
100008327
30002333
30005382
100004880
150009502
50004581
30007885
30006120
100003867
30008124
30007997
30008939
50006045
100002325
30002259
100009487
50009003
50004938
100009750
50003992
30006204
150008723
150007233
100006908
100005974
50008556
30007686
100004514
30004680
150006248
30005305
50002410
30009560
100009133
150008142
50001443
150006668
50004429
50002626
30005199
30001817
30009160
50005894
30002564
50009769
150004619
150001008
30004406
100003044
30007498
30007336
30009768
100002457
150008495
100005076
30006304
100002393
150004371
150009832
30006940
50004412
100005034
50003980
30005747
100007317
30001539
30001291
50009685
100005103
150002145
50009019
100001789
30006130
50008359
100003863
50002519
30004719
100004122
100005636
50002242
100002102
30001417
150004489
150006573
30005092
30009045
100007631
100002178
150001231
30005514
50007041
50003007
30008891
30007736
100007454
100003745
50004859
50007765
150004694
50002544
100002766
150005060
30001662
30005422
150008104
30005780
100009636
100001013
150006519
30009307
50008732
150003803
150005374
150003096
30005590
50001029
100007184
30007085
150008888
150008952
150001001
50008658
100002766
150006026
100005350
150002969
